All: [3333994 rows x 5 columns]
         Date  Day of week  Quarter  Start station number  Counts
0  2016-01-01            4        1                 31258     114
1  2016-01-01            4        1                 31248      55
2  2016-01-01            4        1                 31623      52
3  2016-01-01            4        1                 31249      50
4  2016-01-01            4        1                 31103      48
5  2016-01-01            4        1                 31229      45
6  2016-01-01            4        1                 31201      44
7  2016-01-01            4        1                 31243      44
8  2016-01-01            4        1                 31202      41
9  2016-01-01            4        1                 31272      40
         Date  Day of week  Quarter  Start station number  Counts
0  2017-01-01            6        1                 31247     130
1  2017-01-01            6        1                 31258     122
2  2017-01-01            6        1                 31289      73
3  2017-01-01            6        1                 31201      67
4  2017-01-01            6        1                 31249      64
5  2017-01-01            6        1                 31288      60
6  2017-01-01            6        1                 31623      48
7  2017-01-01            6        1                 31214      47
8  2017-01-01            6        1                 31203      47
9  2017-01-01            6        1                 31101      46
Bayesian Ridge Regression
           0
0  26.728655
1  26.891212
2  20.795299
3  26.874957
4  29.248299
5  27.200072
6  27.655234
7  26.972491
8  27.638978
9  26.501074
RMSE= 34.93700284940329
Ordinary Linear Regression
           0
0  26.684252
1  26.846861
2  20.749028
3  26.830600
4  29.204690
5  27.155818
6  27.611123
7  26.928166
8  27.594862
9  26.456600
RMSE= 34.934866447816304

Just Q1
Date  Day of week  Quarter  Start station number  Counts
0  2016-01-01            4        1                 31258     114
1  2016-01-01            4        1                 31248      55
2  2016-01-01            4        1                 31623      52
3  2016-01-01            4        1                 31249      50
4  2016-01-01            4        1                 31103      48
5  2016-01-01            4        1                 31229      45
6  2016-01-01            4        1                 31201      44
7  2016-01-01            4        1                 31243      44
8  2016-01-01            4        1                 31202      41
9  2016-01-01            4        1                 31272      40
         Date  Day of week  Quarter  Start station number  Counts
0  2017-01-01            6        1                 31247     130
1  2017-01-01            6        1                 31258     122
2  2017-01-01            6        1                 31289      73
3  2017-01-01            6        1                 31201      67
4  2017-01-01            6        1                 31249      64
5  2017-01-01            6        1                 31288      60
6  2017-01-01            6        1                 31623      48
7  2017-01-01            6        1                 31214      47
8  2017-01-01            6        1                 31203      47
9  2017-01-01            6        1                 31101      46
Bayesian Ridge Regression
           0
0  21.117125
1  21.204864
2  17.914646
3  21.196091
4  22.477082
5  21.371569
6  21.617239
7  21.248734
8  21.608465
9  20.994290
RMSE= 23.41752830903823
Ordinary Linear Regression
           0
0  21.079675
1  21.167470
2  17.875180
3  21.158690
4  22.440488
5  21.334279
6  21.580103
7  21.211367
8  21.571324
9  20.956763
RMSE= 23.423441314759973

