[3333994 rows x 5 columns]
         Date  Day of week  Quarter  Start station number  Counts
0  2016-01-01            4        1                 31258     114
1  2016-01-01            4        1                 31248      55
2  2016-01-01            4        1                 31623      52
3  2016-01-01            4        1                 31249      50
4  2016-01-01            4        1                 31103      48
5  2016-01-01            4        1                 31229      45
6  2016-01-01            4        1                 31201      44
7  2016-01-01            4        1                 31243      44
8  2016-01-01            4        1                 31202      41
9  2016-01-01            4        1                 31272      40
         Date  Day of week  Quarter  Start station number  Counts
0  2017-01-01            6        1                 31247     130
1  2017-01-01            6        1                 31258     122
2  2017-01-01            6        1                 31289      73
3  2017-01-01            6        1                 31201      67
4  2017-01-01            6        1                 31249      64
5  2017-01-01            6        1                 31288      60
6  2017-01-01            6        1                 31623      48
7  2017-01-01            6        1                 31214      47
8  2017-01-01            6        1                 31203      47
9  2017-01-01            6        1                 31101      46
Bayesian Ridge Regression
           0
0  26.180727
1  26.001914
2  25.497985
3  26.928493
4  26.148216
5  25.514241
6  20.068557
7  26.717168
8  26.895981
9  28.554070
RMSE= 32.23555967654115
Ordinary Linear Regression
           0
0  26.126581
1  25.947712
2  25.443624
3  26.874582
4  26.094060
5  25.459885
6  20.012487
7  26.663191
8  26.842060
9  28.500671
RMSE= 32.23542450521823
            Date  Day of week  Quarter  Start station number  Counts        BRR        OLR
169   2017-01-01            6        1                 31634       6  19.889744  19.833617
479   2017-01-02            0        1                 31634       4  22.069967  22.043240
747   2017-01-03            1        1                 31634      15  21.706597  21.674969
1144  2017-01-04            2        1                 31634      19  21.343226  21.306699
1480  2017-01-05            3        1                 31634      24  20.979856  20.938428
1888  2017-01-06            4        1                 31634      16  20.616485  20.570158
2252  2017-01-07            5        1                 31634       4  20.253115  20.201888
2463  2017-01-08            6        1                 31634      11  19.889744  19.833617
2876  2017-01-09            0        1                 31634       7  22.069967  22.043240
3206  2017-01-10            1        1                 31634      13  21.706597  21.674969
