start
Raw Data in DataFrame
fit data ready
   Date_num  Start station number  Day of week  Holiday Month
0         1                 31258            4        1    01
1         1                 31272            4        1    01
2         1                 31248            4        1    01
3         1                 31103            4        1    01
4         1                 31229            4        1    01
5         1                 31623            4        1    01
6         1                 31105            4        1    01
7         1                 31214            4        1    01
8         1                 31201            4        1    01
9         1                 31266            4        1    01
preprocessing
Starting Grid Search SVR
starting fit
formatting test data
starting predict
Support Vector Regression
          0
0  0.227184
1  0.246992
2  0.230862
3  0.295765
4  0.133165
5 -0.133511
6  0.225332
7  0.285072
8  0.297259
9  0.161566
RMSE= 10.671403780216783
   Date_num  Start station number  Day of week  Holiday Month        Date  \
0         1                 31247            6        0    01  2017-01-01   
1         1                 31258            6        0    01  2017-01-01   
2         1                 31249            6        0    01  2017-01-01   
3         1                 31288            6        0    01  2017-01-01   
4         1                 31201            6        0    01  2017-01-01   
5         1                 31101            6        0    01  2017-01-01   
6         1                 31246            6        0    01  2017-01-01   
7         1                 31281            6        0    01  2017-01-01   
8         1                 31289            6        0    01  2017-01-01   
9         1                 31214            6        0    01  2017-01-01   

   Counts       SVR  
0      41  0.227184  
1      30  0.246992  
2      21  0.230862  
3      20  0.295765  
4      16  0.133165  
5      14 -0.133511  
6      14  0.225332  
7      14  0.285072  
8      14  0.297259  
9      14  0.161566  
From Station 31634
      Date_num  Start station number  Day of week  Holiday Month        Date  \
401          2                 31634            0        0    01  2017-01-02   
516          3                 31634            1        0    01  2017-01-03   
922          4                 31634            2        0    01  2017-01-04   
1078         5                 31634            3        0    01  2017-01-05   
1398         6                 31634            4        0    01  2017-01-06   
1712         7                 31634            5        0    01  2017-01-07   
1856         8                 31634            6        0    01  2017-01-08   
2203         9                 31634            0        0    01  2017-01-09   
2378        10                 31634            1        0    01  2017-01-10   
2680        11                 31634            2        0    01  2017-01-11   

      Counts       SVR  
401        1 -0.949187  
516        5 -0.871423  
922        2 -0.725082  
1078       7 -0.510164  
1398       5 -0.226670  
1712       1  0.125401  
1856       2  0.546048  
2203       1 -0.695888  
2378       3 -0.621548  
2680       3 -0.478632  
