start
Raw Data in DataFrame
fit data ready
   Date_num  Start station number  Day of week  Holiday Month
0         1                 31258            4        1    01
1         1                 31248            4        1    01
2         1                 31623            4        1    01
3         1                 31249            4        1    01
4         1                 31103            4        1    01
5         1                 31229            4        1    01
6         1                 31201            4        1    01
7         1                 31243            4        1    01
8         1                 31202            4        1    01
9         1                 31272            4        1    01
preprocessing
Starting Grid Search SVR
starting fit
formatting test data
starting predict
Support Vector Regression
           0
0  18.163549
1  18.374908
2  18.886650
3  17.110716
4  18.203138
5  18.872076
6  16.544015
7  17.435902
8  17.162162
9  13.881079
RMSE= 33.00940073177325
   Date_num  Start station number  Day of week  Holiday Month        Date  \
0         1                 31247            6        0    01  2017-01-01   
1         1                 31258            6        0    01  2017-01-01   
2         1                 31289            6        0    01  2017-01-01   
3         1                 31201            6        0    01  2017-01-01   
4         1                 31249            6        0    01  2017-01-01   
5         1                 31288            6        0    01  2017-01-01   
6         1                 31623            6        0    01  2017-01-01   
7         1                 31214            6        0    01  2017-01-01   
8         1                 31203            6        0    01  2017-01-01   
9         1                 31101            6        0    01  2017-01-01   

   Counts        SVR  
0     130  18.163549  
1     122  18.374908  
2      73  18.886650  
3      67  17.110716  
4      64  18.203138  
5      60  18.872076  
6      48  16.544015  
7      47  17.435902  
8      47  17.162162  
9      46  13.881079  
From Station 31634
      Date_num  Start station number  Day of week  Holiday Month        Date  \
169          1                 31634            6        0    01  2017-01-01   
479          2                 31634            0        0    01  2017-01-02   
747          3                 31634            1        0    01  2017-01-03   
1144         4                 31634            2        0    01  2017-01-04   
1480         5                 31634            3        0    01  2017-01-05   
1888         6                 31634            4        0    01  2017-01-06   
2252         7                 31634            5        0    01  2017-01-07   
2463         8                 31634            6        0    01  2017-01-08   
2876         9                 31634            0        0    01  2017-01-09   
3206        10                 31634            1        0    01  2017-01-10   

      Counts        SVR  
169        6  16.222302  
479        4  13.669530  
747       15  13.216396  
1144      19  13.184693  
1480      24  13.574423  
1888      16  14.385585  
2252       4  15.618178  
2463      11  17.272203  
2876       7  14.560491  
3206      13  14.128072  
